  - name: Oficina Eda
    latitude: 18.46134793538062
    longitude: -69.9579030040337
    radius: 30
    icon: mdi:domain